'mediumuniformBPP41'
       9
      50
      46         1
      44         1
      33         1
      28         1
      24         1
      21         1
      10         1
       3         1
       1         2
'mediumuniformBPP42'
       8
      50
      38         1
      36         1
      31         2
      24         1
      21         1
      19         1
      15         2
       1         1
'mediumuniformBPP43'
       9
      50
      48         1
      40         1
      38         1
      30         1
      29         2
      17         1
      16         1
      12         1
       8         1
'mediumuniformBPP44'
       9
      50
      43         1
      40         1
      38         1
      37         1
      18         1
      11         2
       8         1
       6         1
       1         1
'mediumuniformBPP45'
       8
      50
      44         1
      38         1
      35         1
      22         2
      17         1
       9         1
       5         2
       4         1
'mediumuniformBPP46'
       9
      50
      47         1
      45         1
      39         1
      37         1
      36         1
      30         1
      28         1
      18         1
       5         2
'mediumuniformBPP47'
      12
      50
      46         1
      44         1
      38         1
      36         1
      33         1
      31         1
      28         1
      24         2
      21         1
      10         1
       3         1
       1         3
'mediumuniformBPP48'
      13
      50
      48         1
      40         1
      38         1
      31         1
      30         1
      29         2
      21         1
      19         1
      17         1
      16         1
      15         2
      12         1
       8         1
'mediumuniformBPP49'
      13
      50
      47         1
      45         1
      44         1
      39         1
      38         1
      37         1
      36         1
      30         1
      28         1
      18         1
      17         1
       5         3
       4         1
'mediumuniformBPP50'
      14
      50
      49         2
      40         1
      38         1
      37         1
      35         1
      26         1
      21         1
      19         1
      17         1
      12         1
      11         1
       6         1
       3         1
       2         1
'mediumuniformBPP51'
      13
      50
      50         1
      49         1
      47         1
      46         1
      34         1
      30         1
      29         1
      26         1
      17         2
      12         1
      10         1
       8         1
       2         2
'mediumuniformBPP52'
      13
      50
      43         1
      40         1
      38         1
      37         1
      35         1
      22         2
      18         1
      11         2
       9         1
       8         1
       6         1
       5         1
       1         1
'mediumuniformBPP53'
      14
      50
      46         1
      44         1
      38         1
      36         1
      33         1
      31         2
      28         1
      24         2
      21         2
      19         1
      15         2
      10         1
       3         1
       1         3
'mediumuniformBPP54'
      15
      50
      48         1
      43         1
      40         2
      38         2
      37         1
      30         1
      29         2
      18         1
      17         1
      16         1
      12         1
      11         2
       8         2
       6         1
       1         1
'mediumuniformBPP55'
      16
      50
      47         1
      45         1
      44         1
      39         1
      38         1
      37         1
      36         1
      35         1
      30         1
      28         1
      22         2
      18         1
      17         1
       9         1
       5         4
       4         1
'mediumuniformBPP56'
      16
      50
      50         1
      49         3
      40         1
      38         1
      37         1
      35         1
      26         1
      21         1
      19         1
      17         2
      12         1
      11         1
      10         1
       6         1
       3         1
       2         2
'mediumuniformBPP57'
      18
      50
      47         1
      46         1
      44         1
      34         1
      33         1
      32         1
      30         1
      29         2
      28         1
      26         2
      25         1
      23         1
      21         1
      17         1
      12         1
       8         1
       7         1
       2         1
'mediumuniformBPP58'
      16
      50
      49         3
      48         2
      46         2
      45         1
      42         1
      39         1
      36         1
      33         1
      31         1
      30         1
      29         1
      23         1
      17         1
      14         1
      10         1
       2         1
